7.500000000000000000e+02 0.000000000000000000e+00
7.490000000000000000e+02 -1.286157567543076219e+01
7.480000000000000000e+02 -1.172706774340300306e+01
7.470000000000000000e+02 -4.997088871043727565e+00
7.460000000000000000e+02 6.394924310087618302e+00
7.450000000000000000e+02 1.964874069470376838e+01
7.440000000000000000e+02 2.916393764927922660e+01
7.430000000000000000e+02 1.440573935107612158e+01
7.420000000000000000e+02 2.017716312956950730e+01
7.410000000000000000e+02 -1.139244963299437075e+01
7.400000000000000000e+02 1.583675538973720620e+01
7.390000000000000000e+02 1.972579547555082158e+01
7.380000000000000000e+02 4.507768637239185239e+01
7.370000000000000000e+02 3.962215016701269121e+01
7.360000000000000000e+02 4.629540768952320207e+01
7.350000000000000000e+02 3.989569466634929995e+01
7.340000000000000000e+02 5.215846648656698648e+01
7.330000000000000000e+02 5.134817867908828504e+01
7.320000000000000000e+02 6.173310937571553580e+01
7.310000000000000000e+02 5.531130144507796587e+01
7.300000000000000000e+02 4.515026754078014193e+01
7.290000000000000000e+02 5.458488742912210512e+01
7.280000000000000000e+02 5.281301149770278158e+01
7.270000000000000000e+02 5.756913630868637455e+01
7.260000000000000000e+02 6.325283170306252600e+01
7.250000000000000000e+02 5.959668180616474586e+01
7.240000000000000000e+02 6.433518179106033585e+01
7.230000000000000000e+02 7.653488534690195877e+01
7.220000000000000000e+02 8.032799287578768599e+01
7.210000000000000000e+02 7.851464530650351037e+01
7.200000000000000000e+02 8.136215948276077370e+01
7.190000000000000000e+02 8.140330779346925283e+01
7.180000000000000000e+02 9.543918544103131296e+01
7.170000000000000000e+02 9.640122574709749870e+01
7.160000000000000000e+02 1.020239199471953100e+02
7.150000000000000000e+02 1.001730531426527335e+02
7.140000000000000000e+02 1.020493361749411036e+02
7.130000000000000000e+02 1.029857294975955284e+02
7.120000000000000000e+02 1.057823694334545195e+02
7.110000000000000000e+02 1.029720242086061575e+02
7.100000000000000000e+02 1.178895641695413019e+02
7.090000000000000000e+02 1.122656537745895378e+02
7.080000000000000000e+02 1.346368826217918695e+02
7.070000000000000000e+02 1.233989877809004696e+02
7.060000000000000000e+02 1.298887488634256044e+02
7.050000000000000000e+02 1.214372103544716737e+02
7.040000000000000000e+02 1.269796214886998058e+02
7.030000000000000000e+02 1.362485547864916668e+02
7.020000000000000000e+02 1.408433762704927972e+02
7.010000000000000000e+02 1.407640248124453706e+02
7.000000000000000000e+02 1.584119678842005499e+02
6.990000000000000000e+02 1.592514522557109444e+02
6.980000000000000000e+02 1.684841353040637557e+02
6.970000000000000000e+02 1.609082330438238273e+02
6.960000000000000000e+02 1.794599455369352370e+02
6.950000000000000000e+02 1.746691641943143338e+02
6.940000000000000000e+02 1.978726612278917401e+02
6.930000000000000000e+02 1.986669296781817877e+02
6.920000000000000000e+02 2.162545787650892919e+02
6.910000000000000000e+02 2.076992765827376672e+02
6.900000000000000000e+02 1.954024840751964405e+02
6.890000000000000000e+02 1.970986762387876183e+02
6.880000000000000000e+02 1.885194600928264776e+02
6.870000000000000000e+02 1.911328974211627951e+02
6.860000000000000000e+02 1.648028439529911395e+02
6.850000000000000000e+02 1.720668302475897917e+02
6.840000000000000000e+02 1.578543577608647865e+02
6.830000000000000000e+02 1.688352057110991780e+02
6.820000000000000000e+02 1.686068150653880480e+02
6.810000000000000000e+02 1.945049930196564389e+02
6.800000000000000000e+02 2.110605760566090510e+02
6.790000000000000000e+02 2.229404730506246608e+02
6.780000000000000000e+02 2.338781950352404522e+02
6.770000000000000000e+02 2.560078256990888690e+02
6.760000000000000000e+02 2.538601983446544921e+02
6.750000000000000000e+02 2.563705419421746114e+02
6.740000000000000000e+02 2.700725554206709944e+02
6.730000000000000000e+02 2.734980253549227314e+02
6.720000000000000000e+02 2.741140460377224031e+02
6.710000000000000000e+02 2.719205344991196966e+02
6.700000000000000000e+02 2.865187449614855382e+02
6.690000000000000000e+02 2.917734752920516144e+02
6.680000000000000000e+02 3.044857867926422728e+02
6.670000000000000000e+02 3.041208578434529386e+02
6.660000000000000000e+02 3.205473066419739325e+02
6.650000000000000000e+02 3.257631333305898806e+02
6.640000000000000000e+02 3.160346604320390043e+02
6.630000000000000000e+02 3.202971062928734796e+02
6.620000000000000000e+02 3.320166003833749642e+02
6.610000000000000000e+02 3.502596535092704357e+02
6.600000000000000000e+02 3.460908639809022134e+02
6.590000000000000000e+02 3.652465931595166921e+02
6.580000000000000000e+02 3.759912462089444602e+02
6.570000000000000000e+02 3.997928591574271309e+02
6.560000000000000000e+02 4.002488498722335635e+02
6.550000000000000000e+02 4.146950021716793913e+02
6.540000000000000000e+02 4.132625111824718829e+02
6.530000000000000000e+02 4.342205556534993320e+02
6.520000000000000000e+02 4.402331521612252914e+02
6.510000000000000000e+02 4.481013451199352176e+02
6.500000000000000000e+02 4.596918250291164441e+02
6.490000000000000000e+02 4.750044871671775013e+02
6.480000000000000000e+02 4.959060197797230103e+02
6.470000000000000000e+02 4.971945954990748646e+02
6.460000000000000000e+02 5.068720176755618354e+02
6.450000000000000000e+02 5.137374123606539342e+02
6.440000000000000000e+02 5.355252129809600774e+02
6.430000000000000000e+02 5.563675579379097371e+02
6.420000000000000000e+02 5.809313195233872875e+02
6.410000000000000000e+02 5.933486336811598676e+02
6.400000000000000000e+02 6.029533554673304252e+02
6.390000000000000000e+02 6.265465150745557139e+02
6.380000000000000000e+02 6.491936416939030323e+02
6.370000000000000000e+02 6.708946160251387028e+02
6.360000000000000000e+02 6.907159204013528324e+02
6.350000000000000000e+02 7.086574328733926222e+02
6.340000000000000000e+02 7.405867800014700606e+02
6.330000000000000000e+02 7.575685285536735591e+02
6.320000000000000000e+02 7.670697288846674837e+02
6.310000000000000000e+02 7.952253709580375016e+02
6.300000000000000000e+02 8.243007819429959682e+02
6.290000000000000000e+02 8.720303754912838485e+02
6.280000000000000000e+02 8.842769909079323725e+02
6.270000000000000000e+02 9.254448914406060567e+02
6.260000000000000000e+02 9.516642809821305491e+02
6.250000000000000000e+02 9.900035377529130756e+02
6.240000000000000000e+02 1.029261759369610445e+03
6.230000000000000000e+02 1.061971630099210188e+03
6.220000000000000000e+02 1.111467935304366165e+03
6.210000000000000000e+02 1.151615415077603757e+03
6.200000000000000000e+02 1.190814498768341537e+03
6.190000000000000000e+02 1.216930878980784428e+03
6.180000000000000000e+02 1.263566702140295092e+03
6.170000000000000000e+02 1.297119525357856219e+03
6.160000000000000000e+02 1.349324697583384477e+03
6.150000000000000000e+02 1.397780537115864718e+03
6.140000000000000000e+02 1.469555404189608225e+03
6.130000000000000000e+02 1.527313260786905630e+03
6.120000000000000000e+02 1.569187155021502804e+03
6.110000000000000000e+02 1.628779221115130667e+03
6.100000000000000000e+02 1.693955135977645114e+03
6.090000000000000000e+02 1.758180956961936317e+03
6.080000000000000000e+02 1.823323312991018383e+03
6.070000000000000000e+02 1.884715051724614568e+03
6.060000000000000000e+02 1.968491121555093741e+03
6.050000000000000000e+02 2.036382072427823005e+03
6.040000000000000000e+02 2.123856819293460831e+03
6.030000000000000000e+02 2.210380452057986986e+03
6.020000000000000000e+02 2.302486573052969561e+03
6.010000000000000000e+02 2.379640268077671863e+03
6.000000000000000000e+02 2.478243840919026297e+03
5.990000000000000000e+02 2.546960270491588290e+03
5.980000000000000000e+02 2.658594341279186210e+03
5.970000000000000000e+02 2.762742424915781612e+03
5.960000000000000000e+02 2.880872463716744278e+03
5.950000000000000000e+02 2.994316324585559869e+03
5.940000000000000000e+02 3.100273622015359251e+03
5.930000000000000000e+02 3.220212291512981665e+03
5.920000000000000000e+02 3.339197781283410222e+03
5.910000000000000000e+02 3.488031992644726415e+03
5.900000000000000000e+02 3.607910707669230760e+03
5.890000000000000000e+02 3.766971704873619728e+03
5.880000000000000000e+02 3.890543011582933104e+03
5.870000000000000000e+02 4.054229577763099314e+03
5.860000000000000000e+02 4.221628704788087816e+03
5.850000000000000000e+02 4.381539411833045961e+03
5.840000000000000000e+02 4.561029994546493072e+03
5.830000000000000000e+02 4.715297173052134895e+03
5.820000000000000000e+02 4.907811722664703666e+03
5.810000000000000000e+02 5.109638107989308992e+03
5.800000000000000000e+02 5.321709496503326591e+03
5.790000000000000000e+02 5.516957141385569230e+03
5.780000000000000000e+02 5.738317071783239044e+03
5.770000000000000000e+02 5.962454123395439638e+03
5.760000000000000000e+02 6.205235805143144717e+03
5.750000000000000000e+02 6.453594314440113521e+03
5.740000000000000000e+02 6.706596007375087538e+03
5.730000000000000000e+02 6.975441398670017406e+03
5.720000000000000000e+02 7.236795309111252209e+03
5.710000000000000000e+02 7.536393938115160381e+03
5.700000000000000000e+02 7.833167556246046843e+03
5.690000000000000000e+02 8.154184415559519039e+03
5.680000000000000000e+02 8.463041765432746615e+03
5.670000000000000000e+02 8.793341630744240319e+03
5.660000000000000000e+02 9.139483356915354307e+03
5.650000000000000000e+02 9.512667432894679223e+03
5.640000000000000000e+02 9.898892623836145503e+03
5.630000000000000000e+02 1.028415769141441342e+04
5.620000000000000000e+02 1.069273067284691570e+04
5.610000000000000000e+02 1.109287577873996634e+04
5.600000000000000000e+02 1.153219596536420431e+04
5.590000000000000000e+02 1.197802203896202263e+04
5.580000000000000000e+02 1.246488938967822105e+04
5.570000000000000000e+02 1.294426106637099838e+04
5.560000000000000000e+02 1.343667149579359466e+04
5.550000000000000000e+02 1.393091960108149942e+04
5.540000000000000000e+02 1.447180812444578623e+04
5.530000000000000000e+02 1.501920067248579471e+04
5.520000000000000000e+02 1.558989806781124025e+04
5.510000000000000000e+02 1.616429864393002936e+04
5.500000000000000000e+02 1.678347153844303102e+04
5.490000000000000000e+02 1.739421278259497922e+04
5.480000000000000000e+02 1.803292452016647803e+04
5.470000000000000000e+02 1.868000506752817819e+04
5.460000000000000000e+02 1.938305732424629241e+04
5.450000000000000000e+02 2.008234352456823763e+04
5.440000000000000000e+02 2.078533048580514878e+04
5.430000000000000000e+02 2.150695219703038674e+04
5.420000000000000000e+02 2.226307603965717135e+04
5.410000000000000000e+02 2.302569972894329840e+04
5.400000000000000000e+02 2.381069063666986040e+04
5.390000000000000000e+02 2.461058120343098199e+04
5.380000000000000000e+02 2.542910462942991217e+04
5.370000000000000000e+02 2.628772865375811671e+04
5.360000000000000000e+02 2.714538340797387718e+04
5.350000000000000000e+02 2.804220456180653127e+04
5.340000000000000000e+02 2.894085582448806963e+04
5.330000000000000000e+02 2.985253754649471375e+04
5.320000000000000000e+02 3.080805141089937388e+04
5.310000000000000000e+02 3.177566149284247513e+04
5.300000000000000000e+02 3.276843492025889282e+04
5.290000000000000000e+02 3.375183556579009746e+04
5.280000000000000000e+02 3.479213417773153196e+04
5.270000000000000000e+02 3.582492591141295998e+04
5.260000000000000000e+02 3.690061375339777442e+04
5.250000000000000000e+02 3.796879380271938862e+04
5.240000000000000000e+02 3.907520204844993714e+04
5.230000000000000000e+02 4.018343553295452875e+04
5.220000000000000000e+02 4.133829683563768776e+04
5.210000000000000000e+02 4.248564844209334842e+04
5.200000000000000000e+02 4.409685537080926588e+04
5.190000000000000000e+02 4.501730497159592051e+04
5.180000000000000000e+02 4.604878480541446334e+04
5.170000000000000000e+02 4.722863024197928462e+04
5.160000000000000000e+02 4.840376364572667080e+04
5.150000000000000000e+02 4.957978487260419206e+04
5.140000000000000000e+02 5.076602735957231198e+04
5.130000000000000000e+02 5.193262186016768828e+04
5.120000000000000000e+02 5.307023385562253679e+04
5.110000000000000000e+02 5.418539656949556229e+04
5.100000000000000000e+02 5.526690867373444053e+04
5.090000000000000000e+02 5.631943658237419731e+04
5.080000000000000000e+02 5.732524517234282393e+04
5.070000000000000000e+02 5.826659931254903495e+04
5.060000000000000000e+02 5.915003218706878397e+04
5.050000000000000000e+02 5.996247563364110829e+04
5.040000000000000000e+02 6.069366167274894542e+04
5.030000000000000000e+02 6.132958872813129710e+04
5.020000000000000000e+02 6.185625521484897763e+04
5.010000000000000000e+02 6.230166240641924378e+04
5.000000000000000000e+02 6.263220736206568836e+04
4.990000000000000000e+02 6.286469057263760624e+04
4.980000000000000000e+02 6.298044343181471049e+04
4.970000000000000000e+02 6.300000000000000728e+04
4.960000000000000000e+02 6.292615978408561205e+04
4.950000000000000000e+02 6.280092495738014986e+04
4.940000000000000000e+02 6.260095988979176036e+04
4.930000000000000000e+02 6.239160166100498463e+04
4.920000000000000000e+02 6.215044801776717213e+04
4.910000000000000000e+02 6.191296731360456761e+04
4.900000000000000000e+02 6.166795803899352177e+04
4.890000000000000000e+02 6.145182192329119425e+04
4.880000000000000000e+02 6.126642499411312747e+04
4.870000000000000000e+02 6.115656953234796674e+04
4.860000000000000000e+02 6.106811772029471467e+04
4.850000000000000000e+02 6.105240559554249921e+04
4.840000000000000000e+02 6.105809550851347740e+04
4.830000000000000000e+02 6.114025706158827234e+04
4.820000000000000000e+02 6.124288559613641701e+04
4.810000000000000000e+02 6.138931519062392181e+04
4.800000000000000000e+02 6.156927761729538906e+04
4.790000000000000000e+02 6.176037047412846005e+04
4.780000000000000000e+02 6.193832455217780080e+04
4.770000000000000000e+02 6.210593914392584702e+04
4.760000000000000000e+02 6.223894501413236139e+04
4.750000000000000000e+02 6.232894066393467074e+04
4.740000000000000000e+02 6.237219156601317809e+04
4.730000000000000000e+02 6.235376241449963709e+04
4.720000000000000000e+02 6.225498430114446091e+04
4.710000000000000000e+02 6.207958983248981531e+04
4.700000000000000000e+02 6.182757801220859983e+04
4.690000000000000000e+02 6.149241404970191797e+04
4.680000000000000000e+02 6.105729577164106013e+04
4.670000000000000000e+02 6.052128873912158451e+04
4.660000000000000000e+02 5.988719208574061486e+04
4.650000000000000000e+02 5.921567554625655612e+04
4.640000000000000000e+02 5.844046684030797769e+04
4.630000000000000000e+02 5.761103490526966198e+04
4.620000000000000000e+02 5.671804464751640626e+04
4.610000000000000000e+02 5.578482985308216303e+04
4.600000000000000000e+02 5.483379089354236930e+04
4.590000000000000000e+02 5.385279243189069530e+04
4.580000000000000000e+02 5.288010255382658943e+04
4.570000000000000000e+02 5.193625478275018395e+04
4.560000000000000000e+02 5.101284731483322685e+04
4.550000000000000000e+02 5.013414722402465850e+04
4.540000000000000000e+02 4.930575362393594696e+04
4.530000000000000000e+02 4.849779652058889769e+04
4.520000000000000000e+02 4.775787785518052988e+04
4.510000000000000000e+02 4.705612759333894792e+04
4.500000000000000000e+02 4.641401251773291733e+04
4.490000000000000000e+02 4.580072915509236191e+04
4.480000000000000000e+02 4.521627611332727975e+04
4.470000000000000000e+02 4.464758441976700851e+04
4.460000000000000000e+02 4.411145378509088914e+04
4.450000000000000000e+02 4.354441175096424558e+04
4.440000000000000000e+02 4.300059386434061889e+04
4.430000000000000000e+02 4.241466082620927773e+04
4.420000000000000000e+02 4.182768057739653887e+04
4.410000000000000000e+02 4.117804735881173110e+04
4.400000000000000000e+02 4.052363020902882272e+04
4.390000000000000000e+02 3.981215728940262488e+04
4.380000000000000000e+02 3.908936342587396211e+04
4.370000000000000000e+02 3.831884447774504224e+04
4.360000000000000000e+02 3.751739990952398512e+04
4.350000000000000000e+02 3.670276255560293066e+04
4.340000000000000000e+02 3.585626273773437424e+04
4.330000000000000000e+02 3.500776739611630182e+04
4.320000000000000000e+02 3.414140698676510510e+04
4.310000000000000000e+02 3.330758312704438140e+04
4.300000000000000000e+02 3.246615789063012926e+04
4.290000000000000000e+02 3.168060039346338453e+04
4.280000000000000000e+02 3.088650432464991172e+04
4.270000000000000000e+02 3.016507328168395543e+04
4.260000000000000000e+02 2.943229955202858037e+04
4.250000000000000000e+02 2.874791853623466159e+04
4.240000000000000000e+02 2.806805852893160045e+04
4.230000000000000000e+02 2.742818654009882448e+04
4.220000000000000000e+02 2.680216533979003725e+04
4.210000000000000000e+02 2.621426110353709009e+04
4.200000000000000000e+02 2.544138975255734476e+04
4.190000000000000000e+02 2.501091840008100917e+04
4.180000000000000000e+02 2.454575238005966457e+04
4.170000000000000000e+02 2.403002164696533873e+04
4.160000000000000000e+02 2.352066108644298220e+04
4.150000000000000000e+02 2.302606889799155397e+04
4.140000000000000000e+02 2.251450716765246034e+04
4.130000000000000000e+02 2.200650817522868965e+04
4.120000000000000000e+02 2.148713507073480650e+04
4.110000000000000000e+02 2.097505325531812559e+04
4.100000000000000000e+02 2.044879201343096793e+04
4.090000000000000000e+02 1.992795005537231555e+04
4.080000000000000000e+02 1.938918978186682216e+04
4.070000000000000000e+02 1.886891095873031372e+04
4.060000000000000000e+02 1.834470929054004228e+04
4.050000000000000000e+02 1.784178368346203570e+04
4.040000000000000000e+02 1.734613031859812691e+04
4.030000000000000000e+02 1.688388140030575960e+04
4.020000000000000000e+02 1.644383320000696403e+04
4.010000000000000000e+02 1.600544796668471463e+04
4.000000000000000000e+02 1.561352568988267922e+04
3.990000000000000000e+02 1.519152468853320534e+04
3.980000000000000000e+02 1.479171201940878200e+04
3.970000000000000000e+02 1.436741459567770107e+04
3.960000000000000000e+02 1.398956730148622773e+04
3.950000000000000000e+02 1.363576525737227166e+04
3.940000000000000000e+02 1.331813921499442586e+04
3.930000000000000000e+02 1.298441546855495471e+04
3.920000000000000000e+02 1.269059430789866747e+04
3.910000000000000000e+02 1.239000228381540182e+04
3.900000000000000000e+02 1.210877085223201539e+04
3.890000000000000000e+02 1.180769360939618309e+04
3.880000000000000000e+02 1.149796752477299924e+04
3.870000000000000000e+02 1.124585992489662567e+04
3.860000000000000000e+02 1.097856190542644435e+04
3.850000000000000000e+02 1.073900572447408558e+04
3.840000000000000000e+02 1.048238424408613355e+04
3.830000000000000000e+02 1.024976278010513852e+04
3.820000000000000000e+02 1.002900294006702825e+04
3.810000000000000000e+02 9.804232665268098572e+03
3.800000000000000000e+02 9.618383831501068926e+03
3.790000000000000000e+02 9.427582307483811746e+03
3.780000000000000000e+02 9.273826407478220062e+03
3.770000000000000000e+02 9.126309390929707661e+03
3.760000000000000000e+02 8.998094091970322552e+03
3.750000000000000000e+02 8.890109094530202128e+03
3.740000000000000000e+02 8.777147774678087444e+03
3.730000000000000000e+02 8.690007239120164741e+03
3.720000000000000000e+02 8.611881250596383325e+03
3.710000000000000000e+02 8.564232754485527039e+03
3.700000000000000000e+02 8.488252451294549246e+03
3.690000000000000000e+02 8.462340307287086034e+03
3.680000000000000000e+02 8.433287201733674010e+03
3.670000000000000000e+02 8.407621320018637562e+03
3.660000000000000000e+02 8.388137151897066360e+03
3.650000000000000000e+02 8.383229459635771491e+03
3.640000000000000000e+02 8.391958922781945148e+03
3.630000000000000000e+02 8.390984576972461582e+03
3.620000000000000000e+02 8.404568590178309023e+03
3.610000000000000000e+02 8.408436363891114524e+03
3.600000000000000000e+02 8.410048676794172934e+03
3.590000000000000000e+02 8.436467520363779840e+03
3.580000000000000000e+02 8.441016391005279729e+03
3.570000000000000000e+02 8.450757021154520771e+03
3.560000000000000000e+02 8.445147759753685023e+03
3.550000000000000000e+02 8.425114950959869020e+03
3.540000000000000000e+02 8.414919725138173817e+03
3.530000000000000000e+02 8.388419628682364419e+03
3.520000000000000000e+02 8.368008708101542652e+03
3.510000000000000000e+02 8.335011389815799703e+03
3.500000000000000000e+02 8.303420843707826862e+03
