7.500000000000000000e+02 0.000000000000000000e+00
7.490000000000000000e+02 -1.192817862490064584e+01
7.480000000000000000e+02 6.940873267181229878e+00
7.470000000000000000e+02 -1.246426527527431105e+01
7.460000000000000000e+02 8.261718411145263730e+00
7.450000000000000000e+02 9.807996841221268136e-01
7.440000000000000000e+02 3.009733469980675480e+01
7.430000000000000000e+02 2.934009215954506189e+01
7.420000000000000000e+02 4.537888349385679732e+01
7.410000000000000000e+02 3.621079994399762114e+01
7.400000000000000000e+02 4.757225510773273669e+01
7.390000000000000000e+02 4.959450109248610516e+01
7.380000000000000000e+02 6.934600968615420413e+01
7.370000000000000000e+02 9.095898794611737515e+01
7.360000000000000000e+02 8.083109855910390706e+01
7.350000000000000000e+02 9.776631179915962377e+01
7.340000000000000000e+02 9.042774555826557048e+01
7.330000000000000000e+02 1.008182223571353404e+02
7.320000000000000000e+02 9.253521204317836180e+01
7.310000000000000000e+02 1.019811539715372390e+02
7.300000000000000000e+02 1.160884433809991805e+02
7.290000000000000000e+02 1.133889016124625613e+02
7.280000000000000000e+02 1.246845843884519525e+02
7.270000000000000000e+02 1.135729593404390698e+02
7.260000000000000000e+02 1.323242134422239360e+02
7.250000000000000000e+02 1.286680635453261345e+02
7.240000000000000000e+02 1.427405340355125531e+02
7.230000000000000000e+02 1.577404287429419583e+02
7.220000000000000000e+02 1.708675067771236513e+02
7.210000000000000000e+02 1.914556884205364327e+02
7.200000000000000000e+02 1.765686586367395989e+02
7.190000000000000000e+02 1.952777479580323075e+02
7.180000000000000000e+02 1.869120963928922379e+02
7.170000000000000000e+02 2.186762393664238573e+02
7.160000000000000000e+02 2.224321394654613755e+02
7.150000000000000000e+02 2.289818461156795308e+02
7.140000000000000000e+02 2.233909527437373015e+02
7.130000000000000000e+02 2.317945224706249405e+02
7.120000000000000000e+02 2.504589122654829794e+02
7.110000000000000000e+02 2.775172726575672755e+02
7.100000000000000000e+02 2.588325187994493035e+02
7.090000000000000000e+02 2.728099464656093005e+02
7.080000000000000000e+02 2.699794549485243351e+02
7.070000000000000000e+02 2.820764863708625398e+02
7.060000000000000000e+02 3.072341884639719183e+02
7.050000000000000000e+02 3.155837968645445812e+02
7.040000000000000000e+02 3.323269726051211705e+02
7.030000000000000000e+02 3.387957147513278073e+02
7.020000000000000000e+02 3.508577126395596224e+02
7.010000000000000000e+02 3.927812284553260724e+02
7.000000000000000000e+02 3.954948187186148516e+02
6.990000000000000000e+02 4.224694205049426614e+02
6.980000000000000000e+02 4.326355006038255624e+02
6.970000000000000000e+02 4.418607452531095987e+02
6.960000000000000000e+02 4.529452813419879362e+02
6.950000000000000000e+02 4.677558380604813237e+02
6.940000000000000000e+02 4.909593350940561436e+02
6.930000000000000000e+02 4.898868094432911562e+02
6.920000000000000000e+02 5.196086201870746208e+02
6.910000000000000000e+02 5.241208767121343044e+02
6.900000000000000000e+02 5.454263780236410639e+02
6.890000000000000000e+02 5.527229524904051914e+02
6.880000000000000000e+02 5.553445009507977375e+02
6.870000000000000000e+02 5.766258792897156127e+02
6.860000000000000000e+02 5.913652960448304157e+02
6.850000000000000000e+02 6.191640174510682755e+02
6.840000000000000000e+02 6.460210151876322016e+02
6.830000000000000000e+02 6.682026277442150786e+02
6.820000000000000000e+02 7.015765309175519633e+02
6.810000000000000000e+02 7.349418852760561549e+02
6.800000000000000000e+02 7.813661739299415103e+02
6.790000000000000000e+02 8.165809971871866537e+02
6.780000000000000000e+02 8.461866601823867313e+02
6.770000000000000000e+02 8.963182023621101280e+02
6.760000000000000000e+02 9.380402363825497787e+02
6.750000000000000000e+02 9.853536384054691553e+02
6.740000000000000000e+02 1.003722637136611070e+03
6.730000000000000000e+02 1.048217577294143666e+03
6.720000000000000000e+02 1.088969671149701753e+03
6.710000000000000000e+02 1.139046394440734275e+03
6.700000000000000000e+02 1.170445751812624167e+03
6.690000000000000000e+02 1.203702393659067639e+03
6.680000000000000000e+02 1.245350013726064162e+03
6.670000000000000000e+02 1.291654937303333782e+03
6.660000000000000000e+02 1.337950091718784734e+03
6.650000000000000000e+02 1.373034624024338427e+03
6.640000000000000000e+02 1.439844709269180157e+03
6.630000000000000000e+02 1.493577198808058256e+03
6.620000000000000000e+02 1.564100707081900509e+03
6.610000000000000000e+02 1.614079259925792030e+03
6.600000000000000000e+02 1.696716396096633389e+03
6.590000000000000000e+02 1.746674227942711241e+03
6.580000000000000000e+02 1.822756674529181964e+03
6.570000000000000000e+02 1.874560198993542599e+03
6.560000000000000000e+02 1.953421541952796133e+03
6.550000000000000000e+02 2.020137929081876791e+03
6.540000000000000000e+02 2.095243996236061321e+03
6.530000000000000000e+02 2.167538878486195699e+03
6.520000000000000000e+02 2.251956827238371261e+03
6.510000000000000000e+02 2.344764151795239741e+03
6.500000000000000000e+02 2.414225248837230538e+03
6.490000000000000000e+02 2.496742498613392854e+03
6.480000000000000000e+02 2.572714457207158830e+03
6.470000000000000000e+02 2.675743311434194766e+03
6.460000000000000000e+02 2.770359865208834435e+03
6.450000000000000000e+02 2.880832332502666759e+03
6.440000000000000000e+02 2.980092088316894205e+03
6.430000000000000000e+02 3.086806961922528899e+03
6.420000000000000000e+02 3.205643825611455213e+03
6.410000000000000000e+02 3.319801418276912955e+03
6.400000000000000000e+02 3.457281535985579467e+03
6.390000000000000000e+02 3.578881385898369444e+03
6.380000000000000000e+02 3.704202188075928916e+03
6.370000000000000000e+02 3.802441720550553327e+03
6.360000000000000000e+02 3.932403876889212370e+03
6.350000000000000000e+02 4.071687005930042233e+03
6.340000000000000000e+02 4.217490793222684260e+03
6.330000000000000000e+02 4.355814158343680901e+03
6.320000000000000000e+02 4.511858695607758818e+03
6.310000000000000000e+02 4.674423512957328967e+03
6.300000000000000000e+02 4.843508481521670546e+03
6.290000000000000000e+02 4.993911750628167283e+03
6.280000000000000000e+02 5.160168879382128580e+03
6.270000000000000000e+02 5.323611793534124445e+03
6.260000000000000000e+02 5.514109063968782721e+03
6.250000000000000000e+02 5.693391275369473988e+03
6.240000000000000000e+02 5.895060583778255022e+03
6.230000000000000000e+02 6.098582114754692157e+03
6.220000000000000000e+02 6.303955727398222734e+03
6.210000000000000000e+02 6.491579941155067900e+03
6.200000000000000000e+02 6.695056905738946625e+03
6.190000000000000000e+02 6.889184755046640021e+03
6.180000000000000000e+02 7.119699797160402341e+03
6.170000000000000000e+02 7.359533368544911355e+03
6.160000000000000000e+02 7.606818524331038134e+03
6.150000000000000000e+02 7.853154538575704464e+03
6.140000000000000000e+02 8.093874271795233653e+03
6.130000000000000000e+02 8.344845317852072185e+03
6.120000000000000000e+02 8.615401489466319617e+03
6.110000000000000000e+02 8.871006936171073903e+03
6.100000000000000000e+02 9.145263790352128126e+03
6.090000000000000000e+02 9.428837918210780117e+03
6.080000000000000000e+02 9.710528389962631991e+03
6.070000000000000000e+02 1.001833695003593311e+04
6.060000000000000000e+02 1.032239472379129802e+04
6.050000000000000000e+02 1.065163684881219888e+04
6.040000000000000000e+02 1.096499368190590212e+04
6.030000000000000000e+02 1.130353451831330858e+04
6.020000000000000000e+02 1.163179009309217872e+04
6.010000000000000000e+02 1.197682874161875588e+04
6.000000000000000000e+02 1.233865028270933544e+04
5.990000000000000000e+02 1.269298620974383084e+04
5.980000000000000000e+02 1.307623882223542023e+04
5.970000000000000000e+02 1.345107205052548306e+04
5.960000000000000000e+02 1.384642101333361279e+04
5.950000000000000000e+02 1.423708379820959453e+04
5.940000000000000000e+02 1.463239418130344166e+04
5.930000000000000000e+02 1.504728631876828513e+04
5.920000000000000000e+02 1.546962584996069927e+04
5.910000000000000000e+02 1.588821180892495067e+04
5.900000000000000000e+02 1.632824571228096465e+04
5.890000000000000000e+02 1.675985864823987504e+04
5.880000000000000000e+02 1.722038629019022119e+04
5.870000000000000000e+02 1.766129178037755992e+04
5.860000000000000000e+02 1.815537987508776132e+04
5.850000000000000000e+02 1.861024405009994371e+04
5.840000000000000000e+02 1.912482417395336233e+04
5.830000000000000000e+02 1.958524558503258231e+04
5.820000000000000000e+02 2.008858135247137398e+04
5.810000000000000000e+02 2.057042685295473348e+04
5.800000000000000000e+02 2.108398548878967267e+04
5.790000000000000000e+02 2.159938832200343313e+04
5.780000000000000000e+02 2.213063607317678543e+04
5.770000000000000000e+02 2.266932793081731870e+04
5.760000000000000000e+02 2.322573102154282606e+04
5.750000000000000000e+02 2.375970902830173509e+04
5.740000000000000000e+02 2.430953098330499051e+04
5.730000000000000000e+02 2.485372850450602346e+04
5.720000000000000000e+02 2.541003588291448250e+04
5.710000000000000000e+02 2.598592003887503233e+04
5.700000000000000000e+02 2.653657765474985354e+04
5.690000000000000000e+02 2.712641286461573691e+04
5.680000000000000000e+02 2.769102100633395094e+04
5.670000000000000000e+02 2.826213731068198103e+04
5.660000000000000000e+02 2.884256169653591496e+04
5.650000000000000000e+02 2.941455934427796092e+04
5.640000000000000000e+02 3.001733265094220405e+04
5.630000000000000000e+02 3.060047789323266261e+04
5.620000000000000000e+02 3.121439822578158055e+04
5.610000000000000000e+02 3.180028934472992842e+04
5.600000000000000000e+02 3.239548683879254531e+04
5.590000000000000000e+02 3.298318926407079562e+04
5.580000000000000000e+02 3.356712990804202855e+04
5.570000000000000000e+02 3.416224281900042843e+04
5.560000000000000000e+02 3.474799295347594307e+04
5.550000000000000000e+02 3.535144851367576484e+04
5.540000000000000000e+02 3.594647406597074587e+04
5.530000000000000000e+02 3.652280192257714953e+04
5.520000000000000000e+02 3.711590084711529926e+04
5.510000000000000000e+02 3.770523577604256570e+04
5.500000000000000000e+02 3.825627068586694077e+04
5.490000000000000000e+02 3.883154284209876641e+04
5.480000000000000000e+02 3.935731353655623388e+04
5.470000000000000000e+02 3.992132174642083555e+04
5.460000000000000000e+02 4.045542913699317432e+04
5.450000000000000000e+02 4.101283898563469120e+04
5.440000000000000000e+02 4.151887916920993302e+04
5.430000000000000000e+02 4.202675295586398715e+04
5.420000000000000000e+02 4.251312505088783655e+04
5.410000000000000000e+02 4.301439756602579291e+04
5.400000000000000000e+02 4.348203347657244012e+04
5.390000000000000000e+02 4.392163278182928480e+04
5.380000000000000000e+02 4.435559662301019125e+04
5.370000000000000000e+02 4.474658872502329177e+04
5.360000000000000000e+02 4.515994648318715190e+04
5.350000000000000000e+02 4.556486739139091515e+04
5.340000000000000000e+02 4.593428252642240841e+04
5.330000000000000000e+02 4.629059300336419255e+04
5.320000000000000000e+02 4.662259763801535883e+04
5.310000000000000000e+02 4.693029600523431145e+04
5.300000000000000000e+02 4.723422240936019080e+04
5.290000000000000000e+02 4.751944206109557126e+04
5.280000000000000000e+02 4.780182226800730859e+04
5.270000000000000000e+02 4.805429406744632433e+04
5.260000000000000000e+02 4.827125662294429640e+04
5.250000000000000000e+02 4.848817856218330417e+04
5.240000000000000000e+02 4.868359128659736598e+04
5.230000000000000000e+02 4.886869508812858840e+04
5.220000000000000000e+02 4.901828776739181922e+04
5.210000000000000000e+02 4.914543639761907980e+04
5.200000000000000000e+02 4.929307675110523269e+04
5.190000000000000000e+02 4.936040144770820916e+04
5.180000000000000000e+02 4.948461934841240873e+04
5.170000000000000000e+02 4.954065473614007351e+04
5.160000000000000000e+02 4.961624641436407546e+04
5.150000000000000000e+02 4.965632343074757955e+04
5.140000000000000000e+02 4.968235338390791730e+04
5.130000000000000000e+02 4.972513783566615894e+04
5.120000000000000000e+02 4.974454016458705155e+04
5.110000000000000000e+02 4.972749225616817421e+04
5.100000000000000000e+02 4.970106206142890733e+04
5.090000000000000000e+02 4.967271618555588066e+04
5.080000000000000000e+02 4.961071854971911671e+04
5.070000000000000000e+02 4.957013899276862503e+04
5.060000000000000000e+02 4.948843931704120041e+04
5.050000000000000000e+02 4.939642102165074903e+04
5.040000000000000000e+02 4.928568292118123645e+04
5.030000000000000000e+02 4.913755645411908336e+04
5.020000000000000000e+02 4.902297916712320148e+04
5.010000000000000000e+02 4.886354506995055999e+04
5.000000000000000000e+02 4.868165504485649581e+04
4.990000000000000000e+02 4.848477561218498158e+04
4.980000000000000000e+02 4.825703835676732706e+04
4.970000000000000000e+02 4.801431035375392094e+04
4.960000000000000000e+02 4.773698958082417812e+04
4.950000000000000000e+02 4.746054443193299812e+04
4.940000000000000000e+02 4.714577152712953102e+04
4.930000000000000000e+02 4.681973866702660598e+04
4.920000000000000000e+02 4.646657737772527616e+04
4.910000000000000000e+02 4.610308807174125104e+04
4.900000000000000000e+02 4.571806923955082311e+04
4.890000000000000000e+02 4.533672184590482357e+04
4.880000000000000000e+02 4.493944378625661921e+04
4.870000000000000000e+02 4.454116863587795524e+04
4.860000000000000000e+02 4.411669388563418033e+04
4.850000000000000000e+02 4.369402064685124788e+04
4.840000000000000000e+02 4.326194734312403307e+04
4.830000000000000000e+02 4.281020578329614364e+04
4.820000000000000000e+02 4.238359819019423594e+04
4.810000000000000000e+02 4.195225501040417294e+04
4.800000000000000000e+02 4.148724007515999256e+04
4.790000000000000000e+02 4.103802255533003336e+04
4.780000000000000000e+02 4.056259869800892193e+04
4.770000000000000000e+02 4.010017028064979240e+04
4.760000000000000000e+02 3.964513600902291364e+04
4.750000000000000000e+02 3.915175850224449096e+04
4.740000000000000000e+02 3.868630801178458933e+04
4.730000000000000000e+02 3.821704808486546244e+04
4.720000000000000000e+02 3.774864473950072716e+04
4.710000000000000000e+02 3.728203039108096709e+04
4.700000000000000000e+02 3.678453514651057776e+04
4.690000000000000000e+02 3.626735875915069482e+04
4.680000000000000000e+02 3.578090364331073943e+04
4.670000000000000000e+02 3.528969966921667219e+04
4.660000000000000000e+02 3.480587994097090996e+04
4.650000000000000000e+02 3.428930731187468336e+04
4.640000000000000000e+02 3.375211485381105012e+04
4.630000000000000000e+02 3.321576959263889148e+04
4.620000000000000000e+02 3.269800494919836274e+04
4.610000000000000000e+02 3.216988447469376842e+04
4.600000000000000000e+02 3.163700739379108200e+04
4.590000000000000000e+02 3.107697100192807193e+04
4.580000000000000000e+02 3.054204434056213722e+04
4.570000000000000000e+02 3.000609108056699188e+04
4.560000000000000000e+02 2.944764185940693278e+04
4.550000000000000000e+02 2.891429867729418766e+04
4.540000000000000000e+02 2.836125720711156828e+04
4.530000000000000000e+02 2.784545338058014750e+04
4.520000000000000000e+02 2.732114943384403159e+04
4.510000000000000000e+02 2.680701197915882221e+04
4.500000000000000000e+02 2.627410435846470500e+04
4.490000000000000000e+02 2.577096184778658790e+04
4.480000000000000000e+02 2.527704831992284380e+04
4.470000000000000000e+02 2.478862877270807439e+04
4.460000000000000000e+02 2.429730119645736340e+04
4.450000000000000000e+02 2.383106604378785778e+04
4.440000000000000000e+02 2.337965446516661541e+04
4.430000000000000000e+02 2.290386227899772348e+04
4.420000000000000000e+02 2.244289063200642340e+04
4.410000000000000000e+02 2.194913472085999456e+04
4.400000000000000000e+02 2.152433324550726684e+04
4.390000000000000000e+02 2.108447886758506138e+04
4.380000000000000000e+02 2.067437301598366685e+04
4.370000000000000000e+02 2.024361059424736959e+04
4.360000000000000000e+02 1.980339068458111433e+04
4.350000000000000000e+02 1.939011406238761992e+04
4.340000000000000000e+02 1.899351162287412080e+04
4.330000000000000000e+02 1.860891461536905626e+04
4.320000000000000000e+02 1.821018612833298539e+04
4.310000000000000000e+02 1.781505888236097962e+04
4.300000000000000000e+02 1.743473178890813142e+04
4.290000000000000000e+02 1.707200315563111144e+04
4.280000000000000000e+02 1.673900522977904984e+04
4.270000000000000000e+02 1.638626602177212771e+04
4.260000000000000000e+02 1.606605378845065025e+04
4.250000000000000000e+02 1.574289743121152787e+04
4.240000000000000000e+02 1.543079586181697232e+04
4.230000000000000000e+02 1.513908097283157622e+04
4.220000000000000000e+02 1.484534912251117385e+04
4.210000000000000000e+02 1.456266572178126989e+04
4.200000000000000000e+02 1.411741673553727196e+04
4.190000000000000000e+02 1.388949254302577174e+04
4.180000000000000000e+02 1.374821529953805475e+04
4.170000000000000000e+02 1.349010215238978890e+04
4.160000000000000000e+02 1.327289486868306449e+04
4.150000000000000000e+02 1.305552160423880741e+04
4.140000000000000000e+02 1.283797994481639762e+04
4.130000000000000000e+02 1.263800197906726680e+04
4.120000000000000000e+02 1.244905143046071134e+04
4.110000000000000000e+02 1.227859293553770658e+04
4.100000000000000000e+02 1.211168955810428815e+04
4.090000000000000000e+02 1.192967072938773163e+04
4.080000000000000000e+02 1.176426927609390623e+04
4.070000000000000000e+02 1.160988209676484257e+04
4.060000000000000000e+02 1.144970527828095146e+04
4.050000000000000000e+02 1.126040108018075080e+04
4.040000000000000000e+02 1.111383821221475955e+04
4.030000000000000000e+02 1.097734486455707702e+04
4.020000000000000000e+02 1.087798658770143265e+04
4.010000000000000000e+02 1.073548821939693880e+04
4.000000000000000000e+02 1.064131960171370883e+04
3.990000000000000000e+02 1.050960508307881537e+04
3.980000000000000000e+02 1.041594664652796200e+04
3.970000000000000000e+02 1.027820211730933806e+04
3.960000000000000000e+02 1.013183729164910437e+04
3.950000000000000000e+02 9.974982025196808536e+03
3.940000000000000000e+02 9.843101995874267232e+03
3.930000000000000000e+02 9.735260335662860598e+03
3.920000000000000000e+02 9.627185188061881490e+03
3.910000000000000000e+02 9.535674103297154943e+03
3.900000000000000000e+02 9.431788111314313937e+03
3.890000000000000000e+02 9.354726160605487166e+03
3.880000000000000000e+02 9.268081971058776617e+03
3.870000000000000000e+02 9.176518663873424885e+03
3.860000000000000000e+02 9.125768760126014968e+03
3.850000000000000000e+02 9.051423857117324587e+03
3.840000000000000000e+02 9.002016521946849025e+03
3.830000000000000000e+02 8.966341835627508772e+03
3.820000000000000000e+02 8.906126288280423978e+03
3.810000000000000000e+02 8.881102982294743924e+03
3.800000000000000000e+02 8.833396912006022831e+03
3.790000000000000000e+02 8.791005519022906810e+03
3.780000000000000000e+02 8.785659750051456285e+03
3.770000000000000000e+02 8.746416791364332312e+03
3.760000000000000000e+02 8.753544064731675462e+03
3.750000000000000000e+02 8.708096669677010141e+03
3.740000000000000000e+02 8.701542613585221261e+03
3.730000000000000000e+02 8.665738915806408841e+03
3.720000000000000000e+02 8.685619617588188703e+03
3.710000000000000000e+02 8.658505856588979441e+03
3.700000000000000000e+02 8.548923259578947182e+03
3.690000000000000000e+02 8.550079630036834715e+03
3.680000000000000000e+02 8.669436655517558393e+03
3.670000000000000000e+02 8.637236994448820042e+03
3.660000000000000000e+02 8.642954546691535143e+03
3.650000000000000000e+02 8.594177193055369571e+03
3.640000000000000000e+02 8.630908567717418919e+03
3.630000000000000000e+02 8.599132119240472093e+03
3.620000000000000000e+02 8.608982544244199744e+03
3.610000000000000000e+02 8.564313671329491626e+03
3.600000000000000000e+02 8.568726175384137605e+03
3.590000000000000000e+02 8.485937564041825681e+03
3.580000000000000000e+02 8.464351317268514322e+03
3.570000000000000000e+02 8.398486786324889181e+03
3.560000000000000000e+02 8.431146803995750815e+03
3.550000000000000000e+02 8.412980789302991980e+03
3.540000000000000000e+02 8.385984416571775000e+03
3.530000000000000000e+02 8.360417717166486909e+03
3.520000000000000000e+02 8.368942105152069416e+03
3.510000000000000000e+02 8.363946698382202158e+03
3.500000000000000000e+02 8.370625431345928519e+03
