TITLE	
DATA TYPE	
ORIGIN	JASCO
OWNER	
DATE	97/10/31
TIME	22:23:47
SPECTROMETER/DATA SYSTEM	JASCO Corp., V-550, Rev. 1.00
RESOLUTION	
DELTAX	0.5
XUNITS	SEC
YUNITS	ABSORBANCE
FIRSTX	0.0000
LASTX	400.0000
NPOINTS	801
FIRSTY	-0.00008
MAXY	0.62517
MINY	-0.00029
XYDATA
0.0000	-8E-05
0.5000	-1.3E-04
1.0000	-2E-04
1.5000	-2.1E-04
2.0000	-2.2E-04
2.5000	-1.7E-04
3.0000	-1.7E-04
3.5000	-1.9E-04
4.0000	-2.1E-04
4.5000	-1.9E-04
5.0000	-1.5E-04
5.5000	-8E-05
6.0000	-9E-05
6.5000	-1.1E-04
7.0000	-1.3E-04
7.5000	-1.7E-04
8.0000	-2.6E-04
8.5000	-2.9E-04
9.0000	-1.4E-04
9.5000	-1.7E-04
10.0000	-2.1E-04
10.5000	1.7E-04
11.0000	0.01641
11.5000	0.05578
12.0000	0.09799
12.5000	0.13932
13.0000	0.17707
13.5000	0.2091
14.0000	0.24035
14.5000	0.26922
15.0000	0.29451
15.5000	0.31938
16.0000	0.34161
16.5000	0.36093
17.0000	0.38026
17.5000	0.39806
18.0000	0.41353
18.5000	0.42853
19.0000	0.44159
19.5000	0.45478
20.0000	0.46686
20.5000	0.47723
21.0000	0.48738
21.5000	0.49703
22.0000	0.50574
22.5000	0.51413
23.0000	0.5219
23.5000	0.52865
24.0000	0.53503
24.5000	0.54179
25.0000	0.54773
25.5000	0.55291
26.0000	0.55762
26.5000	0.56158
27.0000	0.56605
27.5000	0.57062
28.0000	0.57443
28.5000	0.578
29.0000	0.58111
29.5000	0.58446
30.0000	0.58792
30.5000	0.59099
31.0000	0.5941
31.5000	0.5967
32.0000	0.59857
32.5000	0.60098
33.0000	0.603
33.5000	0.60456
34.0000	0.60671
34.5000	0.60853
35.0000	0.61023
35.5000	0.61203
36.0000	0.61429
36.5000	0.61644
37.0000	0.61788
37.5000	0.61911
38.0000	0.62051
38.5000	0.62173
39.0000	0.62256
39.5000	0.62378
40.0000	0.62493
40.5000	0.62517
41.0000	0.61613
41.5000	0.59475
42.0000	0.57117
42.5000	0.54672
43.0000	0.5236
43.5000	0.50311
44.0000	0.48189
44.5000	0.46185
45.0000	0.44415
45.5000	0.42619
46.0000	0.40911
46.5000	0.39375
47.0000	0.37823
47.5000	0.36356
48.0000	0.35057
48.5000	0.33745
49.0000	0.32485
49.5000	0.31353
50.0000	0.30207
50.5000	0.29198
51.0000	0.28172
51.5000	0.27191
52.0000	0.26326
52.5000	0.2545
53.0000	0.24608
53.5000	0.23859
54.0000	0.23103
54.5000	0.22389
55.0000	0.21747
55.5000	0.21103
56.0000	0.20495
56.5000	0.19948
57.0000	0.19397
57.5000	0.1887
58.0000	0.18389
58.5000	0.17912
59.0000	0.17471
59.5000	0.17065
60.0000	0.1665
60.5000	0.1629
61.0000	0.15921
61.5000	0.15568
62.0000	0.1525
62.5000	0.14933
63.0000	0.1463
63.5000	0.14354
64.0000	0.14076
64.5000	0.13831
65.0000	0.13615
65.5000	0.13396
66.0000	0.13182
66.5000	0.12975
67.0000	0.12764
67.5000	0.12577
68.0000	0.12412
68.5000	0.1223
69.0000	0.12073
69.5000	0.11926
70.0000	0.1178
70.5000	0.11653
71.0000	0.11517
71.5000	0.11394
72.0000	0.11291
72.5000	0.11181
73.0000	0.11069
73.5000	0.10968
74.0000	0.10872
74.5000	0.10776
75.0000	0.10695
75.5000	0.10615
76.0000	0.10544
76.5000	0.10477
77.0000	0.10403
77.5000	0.10329
78.0000	0.10273
78.5000	0.10204
79.0000	0.10141
79.5000	0.10106
80.0000	0.10063
80.5000	0.10005
81.0000	0.09957
81.5000	0.0991
82.0000	0.09877
82.5000	0.09832
83.0000	0.09779
83.5000	0.09751
84.0000	0.09732
84.5000	0.09693
85.0000	0.09656
85.5000	0.09633
86.0000	0.09601
86.5000	0.09581
87.0000	0.0955
87.5000	0.09518
88.0000	0.09505
88.5000	0.09495
89.0000	0.09478
89.5000	0.09455
90.0000	0.09424
90.5000	0.09403
91.0000	0.09389
91.5000	0.09371
92.0000	0.09364
92.5000	0.09353
93.0000	0.09339
93.5000	0.0932
94.0000	0.093
94.5000	0.09289
95.0000	0.09285
95.5000	0.09291
96.0000	0.09271
96.5000	0.09254
97.0000	0.09243
97.5000	0.09242
98.0000	0.09243
98.5000	0.09222
99.0000	0.09213
99.5000	0.09209
100.0000	0.09194
100.5000	0.09185
101.0000	0.09194
101.5000	0.0919
102.0000	0.0917
102.5000	0.09176
103.0000	0.09178
103.5000	0.09165
104.0000	0.09162
104.5000	0.09158
105.0000	0.09152
105.5000	0.0915
106.0000	0.09148
106.5000	0.09141
107.0000	0.0913
107.5000	0.09131
108.0000	0.09127
108.5000	0.09125
109.0000	0.09126
109.5000	0.09118
110.0000	0.09114
110.5000	0.09115
111.0000	0.09124
111.5000	0.0912
112.0000	0.09118
112.5000	0.09125
113.0000	0.09114
113.5000	0.09101
114.0000	0.09102
114.5000	0.09112
115.0000	0.09111
115.5000	0.09105
116.0000	0.09105
116.5000	0.09102
117.0000	0.09085
117.5000	0.09086
118.0000	0.09089
118.5000	0.09083
119.0000	0.09088
119.5000	0.09081
120.0000	0.09085
120.5000	0.0909
121.0000	0.09076
121.5000	0.09084
122.0000	0.09091
122.5000	0.09089
123.0000	0.09088
123.5000	0.09098
124.0000	0.09094
124.5000	0.09078
125.0000	0.09083
125.5000	0.09073
126.0000	0.09065
126.5000	0.09079
127.0000	0.09085
127.5000	0.09077
128.0000	0.09071
128.5000	0.09071
129.0000	0.09079
129.5000	0.09086
130.0000	0.09078
130.5000	0.0907
131.0000	0.09072
131.5000	0.09072
132.0000	0.09071
132.5000	0.09074
133.0000	0.09078
133.5000	0.09077
134.0000	0.09083
134.5000	0.0909
135.0000	0.09087
135.5000	0.09081
136.0000	0.09086
136.5000	0.09084
137.0000	0.09078
137.5000	0.09076
138.0000	0.09064
138.5000	0.09062
139.0000	0.09083
139.5000	0.09076
140.0000	0.09064
140.5000	0.09072
141.0000	0.09063
141.5000	0.09054
142.0000	0.09058
142.5000	0.09064
143.0000	0.09071
143.5000	0.09064
144.0000	0.09072
144.5000	0.09083
145.0000	0.09077
145.5000	0.09075
146.0000	0.09072
146.5000	0.09061
147.0000	0.09058
147.5000	0.09066
148.0000	0.09066
148.5000	0.09058
149.0000	0.09063
149.5000	0.09067
150.0000	0.09062
150.5000	0.09064
151.0000	0.09071
151.5000	0.09071
152.0000	0.09075
152.5000	0.09071
153.0000	0.0906
153.5000	0.09063
154.0000	0.09067
154.5000	0.0908
155.0000	0.09072
155.5000	0.09062
156.0000	0.09055
156.5000	0.09056
157.0000	0.09074
157.5000	0.0909
158.0000	0.09088
158.5000	0.09061
159.0000	0.09052
159.5000	0.0906
160.0000	0.09069
160.5000	0.09082
161.0000	0.0907
161.5000	0.09066
162.0000	0.09064
162.5000	0.09056
163.0000	0.09055
163.5000	0.09064
164.0000	0.09059
164.5000	0.09055
165.0000	0.09062
165.5000	0.09069
166.0000	0.0906
166.5000	0.09064
167.0000	0.09069
167.5000	0.09058
168.0000	0.09065
168.5000	0.09062
169.0000	0.09066
169.5000	0.09063
170.0000	0.09054
170.5000	0.0906
171.0000	0.09065
171.5000	0.09065
172.0000	0.09072
172.5000	0.09057
173.0000	0.0906
173.5000	0.09073
174.0000	0.09069
174.5000	0.09059
175.0000	0.0906
175.5000	0.09066
176.0000	0.0906
176.5000	0.09065
177.0000	0.0908
177.5000	0.09068
178.0000	0.09056
178.5000	0.09059
179.0000	0.09065
179.5000	0.09069
180.0000	0.09059
180.5000	0.09061
181.0000	0.09062
181.5000	0.09043
182.0000	0.09055
182.5000	0.09066
183.0000	0.09064
183.5000	0.09069
184.0000	0.0907
184.5000	0.09069
185.0000	0.09068
185.5000	0.09063
186.0000	0.09057
186.5000	0.09059
187.0000	0.0906
187.5000	0.09064
188.0000	0.09062
188.5000	0.09057
189.0000	0.09058
189.5000	0.09059
190.0000	0.0907
190.5000	0.09068
191.0000	0.09057
191.5000	0.09047
192.0000	0.09047
192.5000	0.09056
193.0000	0.09055
193.5000	0.09064
194.0000	0.09082
194.5000	0.09071
195.0000	0.09054
195.5000	0.09052
196.0000	0.09052
196.5000	0.09048
197.0000	0.09051
197.5000	0.09063
198.0000	0.09068
198.5000	0.09057
199.0000	0.09058
199.5000	0.09073
200.0000	0.09061
200.5000	0.09042
201.0000	0.09046
201.5000	0.09057
202.0000	0.09059
202.5000	0.09054
203.0000	0.09052
203.5000	0.09053
204.0000	0.09058
204.5000	0.09063
205.0000	0.09061
205.5000	0.09056
206.0000	0.09058
206.5000	0.09063
207.0000	0.09063
207.5000	0.09055
208.0000	0.09047
208.5000	0.09048
209.0000	0.09055
209.5000	0.0906
210.0000	0.09059
210.5000	0.09057
211.0000	0.09058
211.5000	0.09053
212.0000	0.09058
212.5000	0.09061
213.0000	0.09061
213.5000	0.09059
214.0000	0.09065
214.5000	0.09073
215.0000	0.09062
215.5000	0.09054
216.0000	0.0905
216.5000	0.09052
217.0000	0.09057
217.5000	0.09055
218.0000	0.0905
218.5000	0.09053
219.0000	0.09049
219.5000	0.09048
220.0000	0.09044
220.5000	0.09046
221.0000	0.09059
221.5000	0.09052
222.0000	0.0905
222.5000	0.09053
223.0000	0.09055
223.5000	0.09053
224.0000	0.09049
224.5000	0.09045
225.0000	0.09057
225.5000	0.09061
226.0000	0.09046
226.5000	0.0904
227.0000	0.09044
227.5000	0.09055
228.0000	0.09058
228.5000	0.09062
229.0000	0.09059
229.5000	0.09058
230.0000	0.09048
230.5000	0.09044
231.0000	0.09046
231.5000	0.09053
232.0000	0.09059
232.5000	0.09057
233.0000	0.09055
233.5000	0.09055
234.0000	0.0905
234.5000	0.09041
235.0000	0.09042
235.5000	0.09056
236.0000	0.09063
236.5000	0.09057
237.0000	0.09047
237.5000	0.0905
238.0000	0.0905
238.5000	0.09055
239.0000	0.09049
239.5000	0.09043
240.0000	0.09054
240.5000	0.09059
241.0000	0.09058
241.5000	0.09053
242.0000	0.09055
242.5000	0.09054
243.0000	0.09057
243.5000	0.09055
244.0000	0.09051
244.5000	0.09049
245.0000	0.09055
245.5000	0.09051
246.0000	0.09045
246.5000	0.09051
247.0000	0.09045
247.5000	0.09049
248.0000	0.09055
248.5000	0.09049
249.0000	0.09052
249.5000	0.09048
250.0000	0.09044
250.5000	0.09053
251.0000	0.09059
251.5000	0.09049
252.0000	0.09046
252.5000	0.09045
253.0000	0.09055
253.5000	0.09053
254.0000	0.09036
254.5000	0.09039
255.0000	0.09047
255.5000	0.09054
256.0000	0.09049
256.5000	0.09039
257.0000	0.09049
257.5000	0.0905
258.0000	0.09046
258.5000	0.09042
259.0000	0.09043
259.5000	0.09056
260.0000	0.0906
260.5000	0.09071
261.0000	0.09069
261.5000	0.09051
262.0000	0.09043
262.5000	0.09043
263.0000	0.09047
263.5000	0.09039
264.0000	0.09039
264.5000	0.09034
265.0000	0.09031
265.5000	0.0905
266.0000	0.09036
266.5000	0.09017
267.0000	0.09029
267.5000	0.09047
268.0000	0.09045
268.5000	0.09042
269.0000	0.09042
269.5000	0.09056
270.0000	0.09055
270.5000	0.09036
271.0000	0.09034
271.5000	0.09038
272.0000	0.09038
272.5000	0.09047
273.0000	0.09045
273.5000	0.0904
274.0000	0.09041
274.5000	0.09039
275.0000	0.09045
275.5000	0.09039
276.0000	0.09025
276.5000	0.09029
277.0000	0.09047
277.5000	0.09047
278.0000	0.09045
278.5000	0.09044
279.0000	0.09042
279.5000	0.09035
280.0000	0.09027
280.5000	0.09037
281.0000	0.09038
281.5000	0.09039
282.0000	0.09039
282.5000	0.09039
283.0000	0.0904
283.5000	0.09041
284.0000	0.0904
284.5000	0.09033
285.0000	0.09036
285.5000	0.09039
286.0000	0.09039
286.5000	0.09037
287.0000	0.09029
287.5000	0.09029
288.0000	0.09038
288.5000	0.09043
289.0000	0.0904
289.5000	0.09035
290.0000	0.09035
290.5000	0.09032
291.0000	0.09031
291.5000	0.09036
292.0000	0.09044
292.5000	0.09043
293.0000	0.09034
293.5000	0.09025
294.0000	0.09041
294.5000	0.09051
295.0000	0.09031
295.5000	0.0902
296.0000	0.09026
296.5000	0.09023
297.0000	0.09018
297.5000	0.09027
298.0000	0.09031
298.5000	0.09023
299.0000	0.09026
299.5000	0.09029
300.0000	0.09023
300.5000	0.09022
301.0000	0.09038
301.5000	0.09051
302.0000	0.09044
302.5000	0.09033
303.0000	0.09029
303.5000	0.09035
304.0000	0.09044
304.5000	0.09043
305.0000	0.09035
305.5000	0.09022
306.0000	0.09032
306.5000	0.09041
307.0000	0.09032
307.5000	0.09034
308.0000	0.09026
308.5000	0.09028
309.0000	0.09034
309.5000	0.09036
310.0000	0.09031
310.5000	0.09029
311.0000	0.09034
311.5000	0.09039
312.0000	0.09038
312.5000	0.09031
313.0000	0.09033
313.5000	0.09033
314.0000	0.09034
314.5000	0.09036
315.0000	0.09034
315.5000	0.09036
316.0000	0.09026
316.5000	0.09014
317.0000	0.09021
317.5000	0.09025
318.0000	0.09021
318.5000	0.09021
319.0000	0.09027
319.5000	0.09024
320.0000	0.0902
320.5000	0.09032
321.0000	0.09038
321.5000	0.09043
322.0000	0.09046
322.5000	0.09039
323.0000	0.09036
323.5000	0.09024
324.0000	0.09026
324.5000	0.09033
325.0000	0.09026
325.5000	0.09026
326.0000	0.09023
326.5000	0.0903
327.0000	0.09036
327.5000	0.09031
328.0000	0.09028
328.5000	0.09033
329.0000	0.09043
329.5000	0.09043
330.0000	0.09033
330.5000	0.09026
331.0000	0.0902
331.5000	0.09027
332.0000	0.09022
332.5000	0.09017
333.0000	0.0902
333.5000	0.09024
334.0000	0.09018
334.5000	0.09018
335.0000	0.09018
335.5000	0.09025
336.0000	0.09031
336.5000	0.09027
337.0000	0.09024
337.5000	0.09023
338.0000	0.09021
338.5000	0.09022
339.0000	0.09029
339.5000	0.09025
340.0000	0.09022
340.5000	0.09024
341.0000	0.09021
341.5000	0.09018
342.0000	0.09024
342.5000	0.09037
343.0000	0.09036
343.5000	0.0903
344.0000	0.09024
344.5000	0.09023
345.0000	0.09027
345.5000	0.09026
346.0000	0.09024
346.5000	0.0902
347.0000	0.09018
347.5000	0.09012
348.0000	0.09016
348.5000	0.09018
349.0000	0.09018
349.5000	0.09013
350.0000	0.09011
350.5000	0.09018
351.0000	0.09021
351.5000	0.09029
352.0000	0.09028
352.5000	0.09025
353.0000	0.0903
353.5000	0.09034
354.0000	0.0903
354.5000	0.09025
355.0000	0.09025
355.5000	0.09029
356.0000	0.09017
356.5000	0.09021
357.0000	0.09037
357.5000	0.09023
358.0000	0.09014
358.5000	0.09016
359.0000	0.09017
359.5000	0.09025
360.0000	0.0902
360.5000	0.09017
361.0000	0.09016
361.5000	0.09012
362.0000	0.0902
362.5000	0.09034
363.0000	0.09021
363.5000	0.09019
364.0000	0.09031
364.5000	0.09029
365.0000	0.09029
365.5000	0.09024
366.0000	0.09015
366.5000	0.09017
367.0000	0.0902
367.5000	0.0902
368.0000	0.09016
368.5000	0.09019
369.0000	0.09015
369.5000	0.09021
370.0000	0.09026
370.5000	0.09027
371.0000	0.0903
371.5000	0.09026
372.0000	0.09019
372.5000	0.09019
373.0000	0.09022
373.5000	0.09026
374.0000	0.09022
374.5000	0.09021
375.0000	0.09021
375.5000	0.09027
376.0000	0.09021
376.5000	0.09007
377.0000	0.09009
377.5000	0.09018
378.0000	0.09016
378.5000	0.08998
379.0000	0.09011
379.5000	0.09025
380.0000	0.09014
380.5000	0.09012
381.0000	0.0901
381.5000	0.09016
382.0000	0.09025
382.5000	0.09026
383.0000	0.09012
383.5000	0.09011
384.0000	0.09012
384.5000	0.09007
385.0000	0.09016
385.5000	0.09012
386.0000	0.09009
386.5000	0.09017
387.0000	0.09026
387.5000	0.09025
388.0000	0.09027
388.5000	0.0902
389.0000	0.09015
389.5000	0.09019
390.0000	0.09013
390.5000	0.09013
391.0000	0.09011
391.5000	0.09013
392.0000	0.09015
392.5000	0.09006
393.0000	0.09013
393.5000	0.09019
394.0000	0.09009
394.5000	0.09008
395.0000	0.09014
395.5000	0.09015
396.0000	0.09009
396.5000	0.09015
397.0000	0.09017
397.5000	0.09009
398.0000	0.09003
398.5000	0.08999
399.0000	0.08999
399.5000	0.09001
400.0000	0.09011
